TimeStamp	POS_X	POS_Y	POS_Z	Q_W	Q_X	Q_Y	Q_Z	ImageFile
1596717162393	-2.471299	0.000000	-13.876143	1.000000	0.000000	-0.000000	-0.000000	img_front_left_0_1596717162393328000.png
1596717162648	-2.471299	0.000000	-13.876143	1.000000	0.000000	-0.000000	-0.000000	img_front_left_0_1596717162647849000.png
1596717162903	-2.471299	0.000000	-13.876143	1.000000	0.000000	-0.000000	-0.000000	img_front_left_0_1596717162903011000.png
1596717163156	-2.471299	0.000000	-13.876143	1.000000	0.000000	-0.000000	-0.000000	img_front_left_0_1596717163156476000.png
1596717163417	-1.308672	0.000000	-13.876143	1.000000	0.000000	-0.000000	-0.000000	img_front_left_0_1596717163417029000.png
1596717163682	-0.362422	0.000000	-13.876143	1.000000	0.000000	-0.000000	-0.000000	img_front_left_0_1596717163682179000.png
1596717163945	1.290137	0.000000	-13.876143	1.000000	0.000000	-0.000000	-0.000000	img_front_left_0_1596717163944849000.png
1596717164207	2.584199	0.000000	-13.876143	1.000000	0.000000	-0.000000	-0.000000	img_front_left_0_1596717164206668000.png
1596717164463	4.001631	0.000000	-13.876143	1.000000	0.000000	-0.000000	-0.000000	img_front_left_0_1596717164463349000.png
1596717164725	5.196553	0.000000	-13.876143	1.000000	0.000000	-0.000000	-0.000000	img_front_left_0_1596717164725338000.png
1596717164976	6.144336	0.000000	-13.876143	1.000000	0.000000	-0.000000	-0.000000	img_front_left_0_1596717164975847000.png
1596717165239	7.836474	0.000000	-13.876143	1.000000	0.000000	-0.000000	-0.000000	img_front_left_0_1596717165238669000.png
1596717165491	9.613564	0.000000	-13.876143	1.000000	0.000000	-0.000000	-0.000000	img_front_left_0_1596717165490965000.png
1596717165758	10.372842	0.000000	-13.876143	1.000000	0.000000	-0.000000	-0.000000	img_front_left_0_1596717165757716000.png
1596717166022	11.525596	0.000000	-13.876143	1.000000	0.000000	-0.000000	-0.000000	img_front_left_0_1596717166021704000.png
1596717166275	13.438457	0.000000	-13.876143	1.000000	0.000000	-0.000000	-0.000000	img_front_left_0_1596717166275192000.png
1596717166539	14.788525	0.000000	-13.876143	1.000000	0.000000	-0.000000	-0.000000	img_front_left_0_1596717166539114000.png
1596717166798	15.677773	0.000000	-13.876143	1.000000	0.000000	-0.000000	-0.000000	img_front_left_0_1596717166797605000.png
1596717167056	16.973017	0.000000	-13.876143	1.000000	0.000000	-0.000000	-0.000000	img_front_left_0_1596717167055775000.png
1596717167313	18.762363	0.000000	-13.876143	1.000000	0.000000	-0.000000	-0.000000	img_front_left_0_1596717167313142000.png
1596717167579	20.591728	0.000000	-13.876143	1.000000	0.000000	-0.000000	-0.000000	img_front_left_0_1596717167578850000.png
1596717167830	21.831640	0.000000	-13.876143	1.000000	0.000000	-0.000000	-0.000000	img_front_left_0_1596717167830415000.png
1596717168089	23.543592	0.000000	-13.876143	1.000000	0.000000	-0.000000	-0.000000	img_front_left_0_1596717168089256000.png
1596717168383	25.280565	0.000000	-13.876143	1.000000	0.000000	-0.000000	-0.000000	img_front_left_0_1596717168383176000.png
1596717168645	26.437391	0.000000	-13.876143	1.000000	0.000000	-0.000000	-0.000000	img_front_left_0_1596717168644534000.png
1596717168947	27.505547	0.000000	-13.876143	1.000000	0.000000	-0.000000	-0.000000	img_front_left_0_1596717168947019000.png
1596717169251	28.572041	0.000000	-13.876143	1.000000	0.000000	-0.000000	-0.000000	img_front_left_0_1596717169251010000.png
1596717169551	29.627508	0.000000	-13.876143	1.000000	0.000000	-0.000000	-0.000000	img_front_left_0_1596717169551265000.png
1596717169805	31.224804	0.000000	-13.876143	1.000000	0.000000	-0.000000	-0.000000	img_front_left_0_1596717169805254000.png
1596717170076	32.774052	0.000000	-13.876143	1.000000	0.000000	-0.000000	-0.000000	img_front_left_0_1596717170075905000.png
1596717170334	34.843758	0.000000	-13.876143	1.000000	0.000000	-0.000000	-0.000000	img_front_left_0_1596717170334401000.png
1596717170581	36.133350	0.000000	-13.876143	1.000000	0.000000	-0.000000	-0.000000	img_front_left_0_1596717170580682000.png
1596717170832	37.858212	0.000000	-13.876143	1.000000	0.000000	-0.000000	-0.000000	img_front_left_0_1596717170831498000.png
1596717171082	39.253876	0.000000	-13.876143	1.000000	0.000000	-0.000000	-0.000000	img_front_left_0_1596717171081996000.png
1596717171337	39.253876	0.000000	-13.876143	0.999962	0.000000	-0.000000	-0.008727	img_front_left_0_1596717171337237000.png
1596717171580	39.253876	0.000000	-13.876143	0.999848	0.000000	-0.000000	-0.017453	img_front_left_0_1596717171579669000.png
1596717171838	39.939793	-0.035957	-13.876143	0.999657	0.000000	-0.000000	-0.026177	img_front_left_0_1596717171837627000.png
1596717172090	41.311199	-0.107832	-13.876143	0.999657	0.000000	-0.000000	-0.026177	img_front_left_0_1596717172090330000.png
1596717172340	42.898407	-0.191016	-13.876143	0.999657	0.000000	-0.000000	-0.026177	img_front_left_0_1596717172339757000.png
1596717172582	44.508564	-0.275391	-13.876143	0.999657	0.000000	-0.000000	-0.026177	img_front_left_0_1596717172581736000.png
1596717172836	45.846386	-0.359727	-13.876143	0.999048	0.000000	-0.000000	-0.043620	img_front_left_0_1596717172836343000.png
1596717173090	47.965088	-0.545117	-13.876143	0.999048	0.000000	-0.000000	-0.043620	img_front_left_0_1596717173089483000.png
1596717173341	49.211327	-0.654160	-13.876143	0.999048	0.000000	-0.000000	-0.043620	img_front_left_0_1596717173341033000.png
1596717173596	50.877293	-0.799902	-13.876143	0.999048	0.000000	-0.000000	-0.043620	img_front_left_0_1596717173595710000.png
1596717173848	52.228416	-0.918125	-13.876143	0.999048	0.000000	-0.000000	-0.043620	img_front_left_0_1596717173847784000.png
1596717174100	53.777519	-1.053652	-13.876143	0.999048	0.000000	-0.000000	-0.043620	img_front_left_0_1596717174100230000.png
1596717174351	54.463348	-1.113652	-13.876143	0.999048	0.000000	-0.000000	-0.043620	img_front_left_0_1596717174350945000.png
1596717174601	55.431484	-1.198359	-13.876143	0.999048	0.000000	-0.000000	-0.043620	img_front_left_0_1596717174600546000.png
1596717174854	55.431484	-1.198359	-13.876143	0.999391	0.000000	-0.000000	-0.034900	img_front_left_0_1596717174853615000.png
1596717175104	55.431484	-1.198359	-13.876143	0.999848	0.000000	-0.000000	-0.017453	img_front_left_0_1596717175103554000.png
1596717175357	56.999969	-1.253145	-13.876143	0.999848	0.000000	-0.000000	-0.017453	img_front_left_0_1596717175356590000.png
1596717175604	58.332058	-1.299668	-13.876143	0.999848	0.000000	-0.000000	-0.017453	img_front_left_0_1596717175603438000.png
1596717175856	58.332058	-1.299668	-13.876143	0.999962	0.000000	-0.000000	-0.008727	img_front_left_0_1596717175856299000.png
1596717176107	58.332058	-1.299668	-13.876143	0.999848	-0.000000	0.000000	0.017452	img_front_left_0_1596717176107147000.png
1596717176356	58.332058	-1.299668	-13.876143	0.999048	-0.000000	0.000000	0.043619	img_front_left_0_1596717176355774000.png
1596717176592	59.444317	-1.163105	-13.876143	0.998135	-0.000000	0.000000	0.061049	img_front_left_0_1596717176591566000.png
1596717176836	60.582214	-1.023379	-13.876143	0.998135	-0.000000	0.000000	0.061049	img_front_left_0_1596717176835827000.png
1596717177080	61.827908	-0.870430	-13.876143	0.998135	-0.000000	0.000000	0.061049	img_front_left_0_1596717177079456000.png
1596717177323	63.322887	-0.686875	-13.876143	0.998135	-0.000000	0.000000	0.061050	img_front_left_0_1596717177322550000.png
1596717177577	64.471581	-0.545840	-13.876143	0.998135	-0.000000	0.000000	0.061050	img_front_left_0_1596717177576785000.png
1596717177814	65.559761	-0.412207	-13.876143	0.998135	-0.000000	0.000000	0.061050	img_front_left_0_1596717177813831000.png
1596717178062	66.684708	-0.274062	-13.876143	0.998135	-0.000000	0.000000	0.061050	img_front_left_0_1596717178062230000.png
1596717178301	68.355240	-0.068945	-13.876143	0.998135	-0.000000	0.000000	0.061051	img_front_left_0_1596717178301433000.png
1596717178547	69.503632	0.072051	-13.876143	0.998135	-0.000000	0.000000	0.061051	img_front_left_0_1596717178546763000.png
1596717178784	70.659317	0.213945	-13.876143	0.998135	-0.000000	0.000000	0.061051	img_front_left_0_1596717178784033000.png
1596717179024	71.770302	0.350371	-13.876143	0.998135	-0.000000	0.000000	0.061051	img_front_left_0_1596717179023577000.png
1596717179279	72.187355	0.401582	-13.876143	0.998135	-0.000000	0.000000	0.061052	img_front_left_0_1596717179278595000.png
1596717179509	73.436989	0.555019	-13.876143	0.998135	-0.000000	0.000000	0.061052	img_front_left_0_1596717179508778000.png
1596717179756	74.684509	0.708203	-13.876143	0.998135	-0.000000	0.000000	0.061052	img_front_left_0_1596717179756180000.png
1596717179995	74.684509	0.708203	-13.876143	0.998135	-0.000000	0.000000	0.061052	img_front_left_0_1596717179995206000.png
1596717180226	74.684509	0.708203	-13.876143	0.998135	-0.000000	0.000000	0.061052	img_front_left_0_1596717180226060000.png
1596717180474	74.569977	1.640977	-13.876143	0.998135	-0.000000	0.000000	0.061052	img_front_left_0_1596717180474243000.png
1596717180716	75.682617	1.777598	-13.876143	0.998135	-0.000000	0.000000	0.061053	img_front_left_0_1596717180715648000.png
1596717180958	76.807869	1.915762	-13.876143	0.998135	-0.000000	0.000000	0.061053	img_front_left_0_1596717180958221000.png
1596717181200	77.223145	1.966758	-13.876143	0.998135	-0.000000	0.000000	0.061053	img_front_left_0_1596717181199418000.png
1596717181440	78.053535	2.068730	-13.876143	0.998134	-0.000000	0.000000	0.061053	img_front_left_0_1596717181439499000.png
1596717181692	78.983887	2.182988	-13.876143	0.998134	-0.000000	0.000000	0.061053	img_front_left_0_1596717181691868000.png
1596717181928	79.815094	2.285058	-13.876143	0.998096	-0.000533	0.008710	0.061051	img_front_left_0_1596717181927868000.png
1596717182171	79.815094	2.285058	-13.876143	0.997526	-0.002131	0.034834	0.061017	img_front_left_0_1596717182171300000.png
1596717182425	79.815094	2.285058	-13.876143	0.997526	-0.002131	0.034834	0.061017	img_front_left_0_1596717182424830000.png
1596717182654	79.815094	2.285058	-13.876143	0.997526	-0.002131	0.034834	0.061017	img_front_left_0_1596717182653910000.png
1596717182902	80.231323	2.336172	-13.905468	0.997526	-0.002131	0.034834	0.061017	img_front_left_0_1596717182902196000.png
1596717183142	81.801895	2.529043	-14.016118	0.997526	-0.002131	0.034834	0.061017	img_front_left_0_1596717183141434000.png
1596717183379	81.801895	2.529043	-14.016118	0.997526	-0.002131	0.034834	0.061017	img_front_left_0_1596717183379062000.png
1596717183618	82.913986	2.665605	-14.094467	0.997526	-0.002131	0.034834	0.061018	img_front_left_0_1596717183617505000.png
1596717183857	83.763336	2.769902	-14.154302	0.997526	-0.002131	0.034834	0.061018	img_front_left_0_1596717183856728000.png
1596717184102	84.225464	2.826660	-14.186860	0.997526	-0.002131	0.034834	0.061018	img_front_left_0_1596717184101850000.png
1596717184337	85.291031	2.957500	-14.261933	0.997526	-0.002131	0.034834	0.061018	img_front_left_0_1596717184336905000.png
1596717184577	85.240097	3.372226	-14.261933	0.997526	-0.002131	0.034834	0.061018	img_front_left_0_1596717184576449000.png
1596717184810	85.138321	4.200996	-14.261933	0.997526	-0.002131	0.034834	0.061018	img_front_left_0_1596717184810251000.png
1596717185050	85.138321	4.200996	-14.261933	0.996956	-0.002435	0.034814	0.069721	img_front_left_0_1596717185049666000.png
1596717185289	85.138321	4.200996	-14.261933	0.996310	-0.002738	0.034792	0.078419	img_front_left_0_1596717185288423000.png
1596717185524	86.363609	4.395078	-14.348681	0.996309	-0.002738	0.034792	0.078419	img_front_left_0_1596717185523710000.png
1596717185758	87.179161	4.524258	-14.406421	0.996309	-0.002738	0.034792	0.078420	img_front_left_0_1596717185757492000.png
1596717185995	87.179161	4.524258	-14.406421	0.996309	-0.002738	0.034792	0.078420	img_front_left_0_1596717185994419000.png
1596717186228	87.179161	4.524258	-14.406421	0.996575	-0.002054	0.026096	0.078441	img_front_left_0_1596717186228367000.png
1596717186460	87.585373	4.588593	-14.413598	0.996879	-0.000685	0.008699	0.078465	img_front_left_0_1596717186459770000.png
1596717186691	88.655273	4.758066	-14.432505	0.996879	-0.000685	0.008699	0.078466	img_front_left_0_1596717186691257000.png
1596717186921	89.059357	4.822070	-14.439643	0.996879	-0.000685	0.008699	0.078466	img_front_left_0_1596717186920975000.png
1596717187152	90.273224	5.014336	-14.461099	0.996879	-0.000685	0.008699	0.078467	img_front_left_0_1596717187151837000.png
1596717187391	91.377357	5.189258	-14.480610	0.996879	-0.000685	0.008699	0.078467	img_front_left_0_1596717187391230000.png
1596717187626	92.589844	5.381328	-14.502036	0.996878	-0.000685	0.008699	0.078467	img_front_left_0_1596717187625585000.png
1596717187861	93.398766	5.509472	-14.516333	0.996878	-0.000685	0.008699	0.078468	img_front_left_0_1596717187860902000.png
1596717188094	93.398766	5.509472	-14.516333	0.996878	-0.000685	0.008699	0.078468	img_front_left_0_1596717188094164000.png
1596717188345	93.398766	5.509472	-14.516333	0.997525	-0.000609	0.008705	0.069766	img_front_left_0_1596717188344681000.png
1596717188625	93.398766	5.509472	-14.516333	0.999010	-0.000381	0.008718	0.043630	img_front_left_0_1596717188625080000.png
1596717188902	93.398766	5.509472	-14.516333	0.999809	-0.000152	0.008725	0.017464	img_front_left_0_1596717188901802000.png
1596717189151	93.398766	5.509472	-14.516333	0.999924	0.000076	0.008726	-0.008714	img_front_left_0_1596717189151314000.png
1596717189401	93.398766	5.509472	-14.516333	0.999353	0.000304	0.008721	-0.034886	img_front_left_0_1596717189401031000.png
1596717189641	93.398766	5.509472	-14.516333	0.998098	0.000533	0.008710	-0.061034	img_front_left_0_1596717189641258000.png
1596717189895	93.398766	5.509472	-14.516333	0.996158	0.000760	0.008693	-0.087141	img_front_left_0_1596717189895385000.png
1596717190146	93.398766	5.509472	-14.516333	0.994485	0.000912	0.008678	-0.104514	img_front_left_0_1596717190146039000.png
1596717190409	93.398766	5.509472	-14.516333	0.991408	0.001139	0.008652	-0.130511	img_front_left_0_1596717190409421000.png
1596717190665	93.398766	5.509472	-14.516333	0.986250	0.001440	0.008607	-0.165032	img_front_left_0_1596717190665261000.png
1596717190925	93.920952	5.298496	-14.526162	0.981592	0.001665	0.008566	-0.190792	img_front_left_0_1596717190925352000.png
1596717191205	94.820816	4.934941	-14.543100	0.981592	0.001665	0.008566	-0.190792	img_front_left_0_1596717191204980000.png
1596717191468	96.048439	4.438984	-14.566211	0.981592	0.001665	0.008566	-0.190791	img_front_left_0_1596717191467718000.png
1596717191739	97.363380	3.907754	-14.590961	0.981592	0.001665	0.008566	-0.190791	img_front_left_0_1596717191739311000.png
1596717192025	98.676910	3.377090	-14.615688	0.981592	0.001665	0.008566	-0.190790	img_front_left_0_1596717192024972000.png
1596717192291	99.975449	2.852480	-14.640132	0.981592	0.001665	0.008566	-0.190789	img_front_left_0_1596717192290726000.png
1596717192564	101.605255	2.194043	-14.670815	0.981592	0.001665	0.008566	-0.190788	img_front_left_0_1596717192563441000.png
1596717192840	102.001114	2.034121	-14.678267	0.981592	0.001665	0.008566	-0.190788	img_front_left_0_1596717192839811000.png
1596717193162	103.649506	1.368184	-14.709301	0.981593	0.001665	0.008566	-0.190787	img_front_left_0_1596717193162178000.png
1596717193467	104.924370	0.853145	-14.733300	0.981593	0.001665	0.008566	-0.190786	img_front_left_0_1596717193467220000.png
1596717193747	106.578751	0.184805	-14.764443	0.981593	0.001665	0.008566	-0.190785	img_front_left_0_1596717193747040000.png
1596717194054	108.302185	-0.511445	-14.796889	0.981593	0.001665	0.008566	-0.190785	img_front_left_0_1596717194054369000.png
1596717194320	109.504570	-0.997187	-14.819526	0.981593	0.001665	0.008566	-0.190784	img_front_left_0_1596717194320256000.png
1596717194579	110.345528	-1.336914	-14.835356	0.981593	0.001665	0.008566	-0.190784	img_front_left_0_1596717194578937000.png
1596717194845	112.425484	-2.177187	-14.874512	0.981594	0.001665	0.008566	-0.190783	img_front_left_0_1596717194845124000.png
1596717195119	113.717537	-2.699160	-14.898832	0.981594	0.001665	0.008566	-0.190782	img_front_left_0_1596717195118828000.png
1596717195383	114.941635	-3.193672	-14.921875	0.981594	0.001665	0.008566	-0.190781	img_front_left_0_1596717195382572000.png
1596717195656	115.748161	-3.519492	-14.937056	0.981594	0.001665	0.008566	-0.190781	img_front_left_0_1596717195656284000.png
1596717195912	116.180893	-3.694316	-14.945200	0.981594	0.001665	0.008566	-0.190780	img_front_left_0_1596717195911834000.png
1596717196180	117.509216	-4.230937	-14.970204	0.981594	0.001665	0.008566	-0.190780	img_front_left_0_1596717196180358000.png
1596717196446	118.720306	-4.720195	-14.993008	0.981594	0.001665	0.008566	-0.190779	img_front_left_0_1596717196446422000.png
1596717196709	119.525093	-5.045312	-15.008159	0.981594	0.001665	0.008566	-0.190779	img_front_left_0_1596717196709315000.png
1596717196971	119.849724	-4.241738	-15.008159	0.981594	0.001665	0.008566	-0.190778	img_front_left_0_1596717196971088000.png
1596717197237	120.336967	-3.035605	-15.008159	0.981595	0.001665	0.008566	-0.190777	img_front_left_0_1596717197237438000.png
1596717197502	121.986794	-3.702090	-15.039213	0.981595	0.001665	0.008566	-0.190776	img_front_left_0_1596717197501525000.png
1596717197769	123.231186	-4.204765	-15.062636	0.981595	0.001665	0.008566	-0.190776	img_front_left_0_1596717197769020000.png
1596717198036	123.231186	-4.204765	-15.062636	0.981595	0.001665	0.008566	-0.190776	img_front_left_0_1596717198036160000.png
1596717198303	123.231186	-4.204765	-15.062636	0.981595	-0.001665	-0.008566	-0.190775	img_front_left_0_1596717198302738000.png
1596717198572	123.686363	-4.388633	-15.054067	0.981595	-0.001665	-0.008566	-0.190775	img_front_left_0_1596717198571698000.png
1596717198848	124.893959	-4.876465	-15.031328	0.981595	-0.001665	-0.008566	-0.190774	img_front_left_0_1596717198847559000.png
1596717199119	125.296791	-5.039199	-15.023745	0.981595	-0.001665	-0.008566	-0.190774	img_front_left_0_1596717199119058000.png
1596717199383	126.503822	-5.526777	-15.001020	0.981595	-0.001665	-0.008566	-0.190773	img_front_left_0_1596717199383041000.png
1596717199664	127.835991	-6.064922	-14.975942	0.981595	-0.001665	-0.008566	-0.190773	img_front_left_0_1596717199664274000.png
1596717199932	129.044662	-6.553164	-14.953188	0.981596	-0.001665	-0.008566	-0.190772	img_front_left_0_1596717199931855000.png
1596717200203	130.337753	-7.075527	-14.928843	0.981596	-0.001665	-0.008566	-0.190771	img_front_left_0_1596717200202976000.png
1596717200474	130.740433	-7.238183	-14.944009	0.981484	0.003329	0.017132	-0.190748	img_front_left_0_1596717200473504000.png
1596717200752	132.020660	-7.755332	-14.992221	0.981484	0.003329	0.017132	-0.190748	img_front_left_0_1596717200751845000.png
1596717201028	133.726654	-8.444472	-15.056475	0.981484	0.003329	0.017132	-0.190747	img_front_left_0_1596717201027936000.png
1596717201305	134.935394	-8.932754	-15.101996	0.981484	0.003329	0.017132	-0.190746	img_front_left_0_1596717201305066000.png
1596717201574	135.852051	-9.303046	-15.136518	0.981484	0.003329	0.017132	-0.190746	img_front_left_0_1596717201573883000.png
1596717201839	137.163666	-9.832870	-15.185918	0.981484	0.003329	0.017132	-0.190746	img_front_left_0_1596717201839153000.png
1596717202111	137.972382	-10.159531	-15.216372	0.981484	0.003329	0.017132	-0.190745	img_front_left_0_1596717202110651000.png
1596717202394	138.521149	-10.381191	-15.237041	0.981485	0.003329	0.017132	-0.190745	img_front_left_0_1596717202394225000.png
1596717202686	139.332260	-10.708847	-15.267592	0.981485	0.003329	0.017132	-0.190744	img_front_left_0_1596717202686084000.png
1596717202945	140.204529	-11.061192	-15.300444	0.981485	0.003329	0.017132	-0.190744	img_front_left_0_1596717202944599000.png
1596717203209	141.448822	-11.563828	-15.347304	0.981485	0.003329	0.017132	-0.190743	img_front_left_0_1596717203208616000.png
1596717203481	142.705444	-12.071425	-15.394629	0.981485	0.003329	0.017132	-0.190743	img_front_left_0_1596717203481059000.png
1596717203753	143.518005	-12.399648	-15.425229	0.981485	0.003329	0.017132	-0.190742	img_front_left_0_1596717203752818000.png
1596717204021	143.518005	-12.399648	-15.425229	0.979783	0.003479	0.017102	-0.199300	img_front_left_0_1596717204020648000.png
1596717204288	144.743317	-12.919648	-15.471708	0.979783	0.003479	0.017102	-0.199299	img_front_left_0_1596717204288107000.png
1596717204553	145.998871	-13.452480	-15.519336	0.979783	0.003479	0.017102	-0.199299	img_front_left_0_1596717204552772000.png
1596717204829	148.104233	-14.345957	-15.599204	0.979784	0.003479	0.017102	-0.199298	img_front_left_0_1596717204829114000.png
1596717205096	149.348526	-14.874003	-15.646406	0.979784	0.003479	0.017102	-0.199297	img_front_left_0_1596717205096102000.png
1596717205364	150.560150	-15.388184	-15.692368	0.979784	0.003479	0.017102	-0.199296	img_front_left_0_1596717205364070000.png
1596717205623	150.958145	-15.573730	-15.707700	0.976157	0.003777	0.017039	-0.216365	img_front_left_0_1596717205623010000.png
1596717205948	151.943283	-16.033007	-15.745654	0.976157	0.003777	0.017039	-0.216365	img_front_left_0_1596717205947561000.png
1596717206258	153.238663	-16.636932	-15.795561	0.976157	0.003777	0.017039	-0.216364	img_front_left_0_1596717206258257000.png
1596717206561	154.222733	-17.095703	-15.833476	0.974232	0.003925	0.017005	-0.224873	img_front_left_0_1596717206560817000.png
1596717206809	154.988907	-17.485996	-15.863501	0.972232	0.004073	0.016970	-0.233366	img_front_left_0_1596717206809306000.png
1596717207086	156.180740	-18.093124	-15.910210	0.972233	0.004073	0.016970	-0.233365	img_front_left_0_1596717207086146000.png
1596717207355	156.578140	-18.295567	-15.925786	0.972233	0.004073	0.016970	-0.233365	img_front_left_0_1596717207355009000.png
1596717207637	157.023651	-18.552715	-15.943749	0.965791	0.004516	0.016858	-0.258735	img_front_left_0_1596717207636990000.png
1596717207921	158.213058	-19.239277	-15.991709	0.965791	0.004516	0.016858	-0.258735	img_front_left_0_1596717207920774000.png
1596717208192	158.985764	-19.685312	-16.022861	0.963496	0.004663	0.016818	-0.267153	img_front_left_0_1596717208192334000.png
1596717208459	160.100861	-20.381952	-16.068773	0.961128	0.004810	0.016776	-0.275552	img_front_left_0_1596717208458696000.png
1596717208737	161.283661	-21.120897	-16.117476	0.961128	0.004810	0.016776	-0.275553	img_front_left_0_1596717208736454000.png
1596717209005	162.417297	-21.829140	-16.164145	0.961127	0.004810	0.016776	-0.275554	img_front_left_0_1596717209005073000.png
1596717209282	163.548920	-22.536112	-16.210741	0.961127	0.004810	0.016776	-0.275554	img_front_left_0_1596717209282052000.png
1596717209541	164.723007	-23.269609	-16.259087	0.961127	0.004810	0.016776	-0.275555	img_front_left_0_1596717209540971000.png
1596717209804	165.476852	-23.740566	-16.290127	0.961127	0.004810	0.016776	-0.275555	img_front_left_0_1596717209804270000.png
1596717210074	166.608688	-24.447695	-16.336729	0.961127	0.004810	0.016776	-0.275556	img_front_left_0_1596717210074152000.png
1596717210345	167.747284	-25.159042	-16.383608	0.961126	0.004810	0.016776	-0.275557	img_front_left_0_1596717210344651000.png
1596717210615	169.331970	-26.149082	-16.448862	0.961126	0.004810	0.016776	-0.275558	img_front_left_0_1596717210614837000.png
1596717210886	169.331970	-26.149082	-16.448862	0.965789	0.004516	0.016858	-0.258742	img_front_left_0_1596717210886276000.png
1596717211154	170.532501	-26.842070	-16.497271	0.965789	0.004516	0.016858	-0.258742	img_front_left_0_1596717211153784000.png
1596717211428	171.687515	-27.508808	-16.543842	0.965789	0.004516	0.016858	-0.258742	img_front_left_0_1596717211427633000.png
1596717211699	172.072678	-27.731152	-16.559374	0.968010	0.004369	0.016896	-0.250304	img_front_left_0_1596717211698675000.png
1596717211966	173.222015	-28.368124	-16.605263	0.968010	0.004369	0.016896	-0.250304	img_front_left_0_1596717211966131000.png
1596717212232	174.382965	-29.011522	-16.651615	0.968010	0.004369	0.016896	-0.250304	img_front_left_0_1596717212231882000.png
1596717212499	175.521820	-29.642675	-16.697084	0.968010	0.004369	0.016896	-0.250304	img_front_left_0_1596717212498702000.png
1596717212747	176.681381	-30.285332	-16.743383	0.968010	0.004369	0.016896	-0.250304	img_front_left_0_1596717212747475000.png
1596717213012	177.067871	-30.499531	-16.758814	0.972231	0.004073	0.016970	-0.233372	img_front_left_0_1596717213012381000.png
1596717213269	178.568985	-31.264238	-16.817646	0.972231	0.004073	0.016970	-0.233371	img_front_left_0_1596717213268970000.png
1596717213546	179.743271	-31.862461	-16.863667	0.972231	0.004073	0.016970	-0.233370	img_front_left_0_1596717213545817000.png
1596717213800	180.882401	-32.442734	-16.908310	0.972232	0.004073	0.016970	-0.233370	img_front_left_0_1596717213800225000.png
1596717214058	180.882401	-32.442734	-16.908310	0.976156	0.003777	0.017039	-0.216366	img_front_left_0_1596717214058293000.png
1596717214319	182.465363	-33.180702	-16.969301	0.976157	0.003777	0.017039	-0.216365	img_front_left_0_1596717214318291000.png
1596717214576	183.632477	-33.724804	-17.014267	0.976157	0.003777	0.017039	-0.216364	img_front_left_0_1596717214575947000.png
1596717214835	184.813904	-34.275585	-17.059784	0.976157	0.003777	0.017039	-0.216363	img_front_left_0_1596717214835083000.png
1596717215097	185.207397	-34.459042	-17.074945	0.978008	0.003628	0.017071	-0.207836	img_front_left_0_1596717215096519000.png
1596717215367	185.996506	-34.810291	-17.105112	0.978008	0.003628	0.017071	-0.207835	img_front_left_0_1596717215366618000.png
1596717215619	187.180695	-35.337383	-17.150375	0.978008	0.003628	0.017071	-0.207834	img_front_left_0_1596717215618870000.png
1596717215877	188.348953	-35.857384	-17.195034	0.978009	0.003628	0.017071	-0.207834	img_front_left_0_1596717215876760000.png
1596717216138	189.526733	-36.381599	-17.240049	0.978009	0.003628	0.017071	-0.207833	img_front_left_0_1596717216137763000.png
1596717216403	191.153870	-37.105858	-17.302246	0.977823	0.005441	0.025605	-0.207792	img_front_left_0_1596717216403525000.png
1596717216654	192.285507	-37.609550	-17.410610	0.977227	0.009067	0.042666	-0.207664	img_front_left_0_1596717216653531000.png
1596717216906	193.415894	-38.112694	-17.518862	0.977227	0.009067	0.042666	-0.207664	img_front_left_0_1596717216906374000.png
1596717217160	194.579315	-38.630527	-17.630274	0.977228	0.009067	0.042666	-0.207663	img_front_left_0_1596717217159906000.png
1596717217417	194.967209	-38.803185	-17.667418	0.976818	0.010878	0.051192	-0.207575	img_front_left_0_1596717217417133000.png
1596717217678	195.782455	-39.166054	-17.761206	0.976818	0.010878	0.051192	-0.207575	img_front_left_0_1596717217678041000.png
1596717217931	196.947693	-39.684708	-17.895258	0.976818	0.010878	0.051192	-0.207574	img_front_left_0_1596717217930972000.png
1596717218188	198.487457	-40.370037	-18.072397	0.976819	0.010878	0.051192	-0.207573	img_front_left_0_1596717218188388000.png
1596717218449	200.068985	-41.073963	-18.254341	0.976819	0.010878	0.051192	-0.207572	img_front_left_0_1596717218448823000.png
1596717218707	200.068985	-41.073963	-18.254341	0.975777	0.014499	0.068232	-0.207350	img_front_left_0_1596717218707121000.png
1596717218964	200.831924	-41.413555	-18.371708	0.975777	0.014499	0.068233	-0.207350	img_front_left_0_1596717218963849000.png
1596717219218	201.959717	-41.915508	-18.545200	0.975777	0.014499	0.068233	-0.207349	img_front_left_0_1596717219217611000.png
1596717219481	203.102646	-42.424217	-18.721016	0.975777	0.014499	0.068233	-0.207348	img_front_left_0_1596717219481404000.png
1596717219740	204.294571	-42.954727	-18.904369	0.975777	0.014499	0.068233	-0.207347	img_front_left_0_1596717219739940000.png
1596717219996	205.435730	-43.462654	-19.079922	0.975777	0.014499	0.068233	-0.207347	img_front_left_0_1596717219996099000.png
1596717220253	205.816284	-43.632030	-19.138462	0.975777	0.014499	0.068233	-0.207346	img_front_left_0_1596717220252690000.png
1596717220505	205.816284	-43.632030	-19.138462	0.976820	0.010878	0.051192	-0.207567	img_front_left_0_1596717220505038000.png
1596717220766	206.197968	-43.801914	-19.182373	0.976820	0.010878	0.051192	-0.207567	img_front_left_0_1596717220765664000.png
1596717221017	207.337128	-44.308926	-19.313427	0.976820	0.010878	0.051192	-0.207566	img_front_left_0_1596717221016900000.png
1596717221276	208.484970	-44.819805	-19.445482	0.976820	0.010878	0.051192	-0.207566	img_front_left_0_1596717221275706000.png
1596717221520	209.641602	-45.334587	-19.578539	0.976820	0.010878	0.051192	-0.207564	img_front_left_0_1596717221520127000.png
1596717221785	210.795242	-45.848045	-19.711260	0.976820	0.010878	0.051192	-0.207564	img_front_left_0_1596717221785014000.png
1596717222036	211.931564	-46.353809	-19.841982	0.976821	0.010878	0.051192	-0.207563	img_front_left_0_1596717222035984000.png
1596717222293	213.086151	-46.867695	-19.974810	0.976821	0.010878	0.051192	-0.207563	img_front_left_0_1596717222292788000.png
1596717222539	213.086151	-46.867695	-19.974810	0.977826	0.005441	0.025605	-0.207775	img_front_left_0_1596717222539378000.png
1596717222794	214.602280	-47.542480	-20.061777	0.977827	0.005441	0.025605	-0.207774	img_front_left_0_1596717222793520000.png
1596717223042	215.765366	-48.060116	-20.128490	0.977827	0.005441	0.025605	-0.207773	img_front_left_0_1596717223041999000.png
1596717223298	216.901932	-48.565956	-20.193686	0.977827	0.005441	0.025605	-0.207771	img_front_left_0_1596717223298198000.png
1596717223549	218.080933	-49.090683	-20.261318	0.977827	0.005441	0.025605	-0.207770	img_front_left_0_1596717223548677000.png
1596717223809	220.083160	-49.981777	-20.376171	0.977828	0.005441	0.025605	-0.207769	img_front_left_0_1596717223808439000.png
1596717224069	221.635269	-50.672539	-20.465200	0.977828	0.005440	0.025605	-0.207768	img_front_left_0_1596717224069287000.png
1596717224368	222.014267	-50.841209	-20.486938	0.978126	0.001814	0.008535	-0.207831	img_front_left_0_1596717224368159000.png
1596717224664	223.149994	-51.346661	-20.508633	0.978126	0.001814	0.008535	-0.207830	img_front_left_0_1596717224664063000.png
1596717224917	224.346512	-51.879177	-20.531488	0.978126	0.001814	0.008535	-0.207830	img_front_left_0_1596717224917202000.png
1596717225169	225.482315	-52.384647	-20.553188	0.978126	0.001814	0.008535	-0.207829	img_front_left_0_1596717225168533000.png
1596717225425	226.239212	-52.721504	-20.567646	0.978126	0.001814	0.008535	-0.207828	img_front_left_0_1596717225425180000.png
1596717225718	226.617538	-52.889881	-20.560419	0.978127	-0.001814	-0.008537	-0.207827	img_front_left_0_1596717225718323000.png
1596717225978	228.191635	-53.590427	-20.530342	0.978127	-0.001814	-0.008537	-0.207826	img_front_left_0_1596717225977613000.png
1596717226275	228.568497	-53.758144	-20.523140	0.978127	-0.001814	-0.008537	-0.207826	img_front_left_0_1596717226274459000.png
1596717226525	228.946396	-53.926327	-20.515917	0.978127	-0.001814	-0.008537	-0.207826	img_front_left_0_1596717226524547000.png
1596717226784	230.508942	-54.621696	-20.486059	0.978127	-0.001814	-0.008537	-0.207825	img_front_left_0_1596717226783935000.png
1596717227033	230.886902	-54.789902	-20.464375	0.977829	-0.005441	-0.025606	-0.207761	img_front_left_0_1596717227032549000.png
1596717227291	232.448975	-55.485077	-20.374769	0.977829	-0.005441	-0.025606	-0.207760	img_front_left_0_1596717227290885000.png
1596717227539	233.204254	-55.821209	-20.331446	0.977830	-0.005441	-0.025606	-0.207760	img_front_left_0_1596717227538760000.png
1596717227798	234.416916	-56.360878	-20.261879	0.977830	-0.005440	-0.025606	-0.207759	img_front_left_0_1596717227798260000.png
1596717228061	234.416916	-56.360878	-20.261879	0.977569	-0.007253	-0.034138	-0.207704	img_front_left_0_1596717228061041000.png
1596717228317	236.303543	-57.200508	-20.088476	0.977234	-0.009065	-0.042668	-0.207631	img_front_left_0_1596717228317355000.png
1596717228608	237.496719	-57.731503	-19.974218	0.977234	-0.009065	-0.042668	-0.207630	img_front_left_0_1596717228607764000.png
1596717228861	238.298386	-58.088280	-19.897446	0.977234	-0.009065	-0.042668	-0.207630	img_front_left_0_1596717228861138000.png
1596717229111	239.427414	-58.590721	-19.789326	0.977235	-0.009065	-0.042668	-0.207629	img_front_left_0_1596717229110977000.png
1596717229368	239.804138	-58.758358	-19.753252	0.982335	-0.007945	-0.042890	-0.181976	img_front_left_0_1596717229367813000.png
1596717229623	240.572266	-59.053066	-19.681269	0.982335	-0.007945	-0.042890	-0.181976	img_front_left_0_1596717229622976000.png
1596717229866	241.726089	-59.495762	-19.573139	0.982335	-0.007945	-0.042890	-0.181975	img_front_left_0_1596717229866281000.png
1596717230110	242.907806	-59.949139	-19.462406	0.982335	-0.007945	-0.042890	-0.181975	img_front_left_0_1596717230109639000.png
1596717230359	243.298828	-60.076111	-19.426439	0.986762	-0.006820	-0.043084	-0.156199	img_front_left_0_1596717230358939000.png
1596717230625	244.861130	-60.583435	-19.282728	0.986762	-0.006820	-0.043084	-0.156199	img_front_left_0_1596717230624737000.png
1596717230916	246.419647	-61.089531	-19.139364	0.986762	-0.006820	-0.043084	-0.156200	img_front_left_0_1596717230915899000.png
1596717231169	247.221329	-61.349861	-19.065620	0.986762	-0.006820	-0.043084	-0.156200	img_front_left_0_1596717231168367000.png
1596717231465	248.002960	-61.603672	-18.993721	0.986762	-0.006820	-0.043084	-0.156200	img_front_left_0_1596717231465047000.png
1596717231725	248.404053	-61.703594	-18.957558	0.991612	-0.005312	-0.043296	-0.121669	img_front_left_0_1596717231725269000.png
1596717232005	250.065109	-62.117439	-18.807787	0.991612	-0.005312	-0.043296	-0.121670	img_front_left_0_1596717232004888000.png
1596717232312	250.065109	-62.117439	-18.807787	0.990705	-0.007435	-0.060595	-0.121559	img_front_left_0_1596717232312114000.png
1596717232617	251.451523	-62.462872	-18.632349	0.990705	-0.007435	-0.060595	-0.121560	img_front_left_0_1596717232616804000.png
1596717232897	252.699799	-62.773884	-18.474394	0.990705	-0.007435	-0.060595	-0.121561	img_front_left_0_1596717232897211000.png
1596717233189	253.857422	-63.062302	-18.327909	0.989496	-0.009556	-0.077876	-0.121414	img_front_left_0_1596717233188834000.png
1596717233486	254.660034	-63.262283	-18.167128	0.987986	-0.011673	-0.095133	-0.121229	img_front_left_0_1596717233485911000.png
1596717233768	255.061249	-63.362244	-18.086752	0.987986	-0.011673	-0.095133	-0.121230	img_front_left_0_1596717233768034000.png
1596717234012	256.331207	-63.678692	-17.832348	0.987986	-0.011673	-0.095133	-0.121231	img_front_left_0_1596717234012348000.png
1596717234269	257.514954	-63.973652	-17.595205	0.987986	-0.011673	-0.095133	-0.121231	img_front_left_0_1596717234269378000.png
1596717234530	258.318848	-64.173943	-17.434160	0.987986	-0.011673	-0.095133	-0.121232	img_front_left_0_1596717234529876000.png
1596717234780	259.238037	-64.402969	-17.250019	0.987986	-0.011673	-0.095133	-0.121232	img_front_left_0_1596717234779554000.png
1596717235034	260.805450	-64.793510	-16.936020	0.987986	-0.011673	-0.095133	-0.121233	img_front_left_0_1596717235034087000.png
1596717235284	261.963226	-65.081993	-16.704096	0.987986	-0.011674	-0.095133	-0.121233	img_front_left_0_1596717235284200000.png
1596717235538	263.222382	-65.395744	-16.451860	0.987986	-0.011674	-0.095133	-0.121234	img_front_left_0_1596717235537681000.png
1596717235790	264.173157	-65.632652	-16.261391	0.987986	-0.011674	-0.095133	-0.121235	img_front_left_0_1596717235790096000.png
1596717236042	264.173157	-65.632652	-16.261391	0.987986	-0.011674	-0.095133	-0.121235	img_front_left_0_1596717236042335000.png
1596717236275	264.173157	-65.632652	-16.261391	0.987118	-0.012731	-0.103751	-0.121129	img_front_left_0_1596717236274711000.png
1596717236521	265.277222	-65.907753	-15.977700	0.985157	-0.014843	-0.120963	-0.120889	img_front_left_0_1596717236520458000.png
1596717236762	266.364227	-66.178612	-15.698398	0.985157	-0.014843	-0.120963	-0.120889	img_front_left_0_1596717236762082000.png
1596717237008	267.551178	-66.474358	-15.393413	0.985156	-0.014844	-0.120963	-0.120890	img_front_left_0_1596717237008393000.png
1596717237251	269.051117	-66.848106	-15.007988	0.985156	-0.014844	-0.120963	-0.120891	img_front_left_0_1596717237251293000.png
1596717237490	270.160187	-67.124451	-14.723018	0.985156	-0.014844	-0.120963	-0.120892	img_front_left_0_1596717237490509000.png
1596717237730	270.553864	-67.222557	-14.621860	0.985156	-0.014844	-0.120963	-0.120892	img_front_left_0_1596717237729834000.png
1596717237975	270.940735	-67.340782	-14.520991	0.981654	-0.018005	-0.120533	-0.146640	img_front_left_0_1596717237975253000.png
1596717238219	272.180573	-67.719666	-14.197739	0.981654	-0.018005	-0.120533	-0.146641	img_front_left_0_1596717238218719000.png
1596717238464	272.835236	-67.919708	-14.027065	0.981654	-0.018005	-0.120533	-0.146641	img_front_left_0_1596717238464505000.png
1596717238709	273.602325	-68.154121	-13.827070	0.980337	-0.019057	-0.120371	-0.155202	img_front_left_0_1596717238709263000.png
1596717238951	274.641571	-68.545410	-13.550200	0.975938	-0.022201	-0.119831	-0.180812	img_front_left_0_1596717238950506000.png
1596717239203	276.122955	-69.113846	-13.154575	0.975938	-0.022201	-0.119831	-0.180812	img_front_left_0_1596717239202719000.png
1596717239435	276.865387	-69.398712	-12.956304	0.974323	-0.023246	-0.119633	-0.189321	img_front_left_0_1596717239435063000.png
1596717239684	276.865387	-69.398712	-12.956304	0.967122	-0.027407	-0.118748	-0.223208	img_front_left_0_1596717239684334000.png
1596717239936	278.018890	-69.961090	-12.636337	0.967123	-0.027407	-0.118749	-0.223207	img_front_left_0_1596717239935731000.png
1596717240194	279.132874	-70.504234	-12.327324	0.967123	-0.027406	-0.118749	-0.223207	img_front_left_0_1596717240193567000.png
1596717240440	280.228241	-71.038277	-12.023486	0.967123	-0.027406	-0.118749	-0.223206	img_front_left_0_1596717240440286000.png
1596717240694	281.704651	-71.758087	-11.613955	0.967123	-0.027406	-0.118749	-0.223205	img_front_left_0_1596717240693660000.png
1596717240945	282.765411	-72.275269	-11.319707	0.967123	-0.027406	-0.118749	-0.223205	img_front_left_0_1596717240944721000.png
1596717241195	283.565918	-72.665565	-11.097656	0.967123	-0.027406	-0.118749	-0.223204	img_front_left_0_1596717241195137000.png
1596717241441	284.671661	-73.204689	-10.790937	0.967123	-0.027406	-0.118749	-0.223204	img_front_left_0_1596717241441316000.png
1596717241698	286.090240	-73.896286	-10.397446	0.967124	-0.027406	-0.118749	-0.223203	img_front_left_0_1596717241698214000.png
1596717241954	286.444946	-74.069237	-10.299052	0.967124	-0.027406	-0.118749	-0.223203	img_front_left_0_1596717241953986000.png
1596717242198	286.444946	-74.069237	-10.299052	0.965139	-0.028441	-0.118505	-0.231633	img_front_left_0_1596717242198265000.png
1596717242445	286.796021	-74.248024	-10.200830	0.965139	-0.028441	-0.118505	-0.231633	img_front_left_0_1596717242445156000.png
1596717242700	287.930420	-74.825798	-9.883418	0.965139	-0.028441	-0.118505	-0.231633	img_front_left_0_1596717242699609000.png
1596717242945	289.353668	-75.550720	-9.485181	0.965140	-0.028441	-0.118505	-0.231632	img_front_left_0_1596717242945234000.png
1596717243190	290.402222	-76.084785	-9.191792	0.965140	-0.028441	-0.118505	-0.231631	img_front_left_0_1596717243189582000.png
1596717243442	291.100220	-76.440308	-8.996484	0.965140	-0.028441	-0.118505	-0.231631	img_front_left_0_1596717243441727000.png
1596717243693	292.208496	-77.004784	-8.686381	0.965140	-0.028441	-0.118505	-0.231630	img_front_left_0_1596717243692602000.png
1596717243944	292.556519	-77.182030	-8.589008	0.965140	-0.028441	-0.118505	-0.231630	img_front_left_0_1596717243944412000.png
1596717244198	292.556519	-77.182030	-8.589008	0.967061	-0.024394	-0.101643	-0.232090	img_front_left_0_1596717244197857000.png
1596717244456	292.556519	-77.182030	-8.589008	0.967061	-0.024394	-0.101643	-0.232090	img_front_left_0_1596717244455731000.png
1596717244701	292.556519	-77.182030	-8.589008	0.968688	-0.020339	-0.084750	-0.232480	img_front_left_0_1596717244701260000.png
1596717244952	292.556519	-77.182030	-8.589008	0.969391	-0.018310	-0.076294	-0.232649	img_front_left_0_1596717244951810000.png
1596717245243	292.908966	-77.361542	-8.526362	0.969391	-0.018310	-0.076293	-0.232648	img_front_left_0_1596717245243099000.png
1596717245476	293.993744	-77.914062	-8.333549	0.969391	-0.018310	-0.076293	-0.232648	img_front_left_0_1596717245475955000.png
1596717245731	293.993744	-77.914062	-8.333549	0.971384	-0.017643	-0.076450	-0.224179	img_front_left_0_1596717245730652000.png
1596717245980	293.993744	-77.914062	-8.333549	0.975149	-0.016306	-0.076747	-0.207191	img_front_left_0_1596717245980352000.png
1596717246227	295.130463	-78.419937	-8.136484	0.975149	-0.016306	-0.076747	-0.207191	img_front_left_0_1596717246226555000.png
1596717246479	296.264099	-78.924431	-7.939956	0.975149	-0.016306	-0.076747	-0.207190	img_front_left_0_1596717246479270000.png
1596717246734	297.346802	-79.406250	-7.752261	0.975150	-0.016306	-0.076747	-0.207189	img_front_left_0_1596717246733910000.png
1596717246977	298.067841	-79.727150	-7.627256	0.975150	-0.016306	-0.076747	-0.207189	img_front_left_0_1596717246976973000.png
1596717247225	298.427887	-79.887360	-7.564839	0.975150	-0.016306	-0.076747	-0.207188	img_front_left_0_1596717247225006000.png
1596717247462	298.427887	-79.887360	-7.564839	0.980239	-0.014292	-0.077147	-0.181590	img_front_left_0_1596717247461865000.png
1596717247707	298.427887	-79.887360	-7.564839	0.980239	-0.014292	-0.077147	-0.181590	img_front_left_0_1596717247706621000.png
1596717247957	298.427887	-79.887360	-7.564839	0.976921	-0.015636	-0.076886	-0.198669	img_front_left_0_1596717247957421000.png
1596717248204	298.427887	-79.887360	-7.564839	0.975150	-0.016306	-0.076747	-0.207187	img_front_left_0_1596717248203804000.png
1596717248448	298.427887	-79.887360	-7.564839	0.971386	-0.017643	-0.076451	-0.224173	img_front_left_0_1596717248447822000.png
1596717248694	298.233673	-80.285782	-7.564839	0.971386	-0.017643	-0.076451	-0.224173	img_front_left_0_1596717248693814000.png
1596717248946	297.886200	-80.998497	-7.564839	0.971386	-0.017643	-0.076451	-0.224173	img_front_left_0_1596717248946403000.png
1596717249187	297.886200	-80.998497	-7.564839	0.971386	-0.017643	-0.076451	-0.224173	img_front_left_0_1596717249187140000.png
1596717249436	297.540588	-81.707420	-7.564839	0.971386	-0.017643	-0.076451	-0.224172	img_front_left_0_1596717249435868000.png
1596717249685	299.076202	-82.456055	-7.294253	0.971386	-0.017643	-0.076451	-0.224171	img_front_left_0_1596717249685311000.png
1596717249936	300.479126	-83.139999	-7.047041	0.971387	-0.017643	-0.076451	-0.224170	img_front_left_0_1596717249935639000.png
1596717250178	300.830139	-83.311111	-6.985195	0.971387	-0.017643	-0.076451	-0.224169	img_front_left_0_1596717250177599000.png
1596717250424	301.955231	-83.859604	-6.786953	0.971387	-0.017643	-0.076451	-0.224169	img_front_left_0_1596717250423722000.png
1596717250675	303.084198	-84.409996	-6.588022	0.971387	-0.017643	-0.076451	-0.224168	img_front_left_0_1596717250675260000.png
1596717250917	303.609009	-85.104141	-6.465132	0.971387	-0.017642	-0.076451	-0.224167	img_front_left_0_1596717250917239000.png
1596717251164	303.091858	-86.164940	-6.465132	0.971387	-0.017642	-0.076451	-0.224167	img_front_left_0_1596717251163730000.png
1596717251408	303.091858	-86.164940	-6.465132	0.971387	-0.017642	-0.076451	-0.224167	img_front_left_0_1596717251407634000.png
1596717251653	304.194061	-86.702248	-6.270923	0.971387	-0.017642	-0.076451	-0.224166	img_front_left_0_1596717251653306000.png
1596717251894	303.639679	-87.839394	-6.270923	0.971388	-0.017642	-0.076451	-0.224166	img_front_left_0_1596717251894333000.png
1596717252146	302.895905	-89.365074	-6.270923	0.971388	-0.017642	-0.076451	-0.224165	img_front_left_0_1596717252146222000.png
1596717252388	302.381256	-90.420799	-6.270923	0.971388	-0.017642	-0.076451	-0.224164	img_front_left_0_1596717252388312000.png
1596717252643	303.077454	-90.760216	-6.148247	0.971388	-0.017642	-0.076451	-0.224163	img_front_left_0_1596717252642652000.png
1596717252884	303.772858	-91.099197	-6.025718	0.971388	-0.017642	-0.076451	-0.224163	img_front_left_0_1596717252883897000.png
1596717253127	304.841095	-91.619919	-5.837495	0.971388	-0.017642	-0.076451	-0.224162	img_front_left_0_1596717253126935000.png
1596717253370	305.574951	-91.977676	-5.708189	0.971388	-0.017642	-0.076451	-0.224162	img_front_left_0_1596717253369702000.png
1596717253607	305.402130	-92.332169	-5.708189	0.971389	-0.017642	-0.076451	-0.224161	img_front_left_0_1596717253607146000.png
1596717253854	305.059143	-93.035820	-5.708189	0.971389	-0.017642	-0.076451	-0.224161	img_front_left_0_1596717253854216000.png
1596717254102	304.473633	-94.236893	-5.708189	0.971389	-0.017642	-0.076451	-0.224160	img_front_left_0_1596717254102126000.png
1596717254347	304.130463	-94.940895	-5.708189	0.971389	-0.017642	-0.076451	-0.224160	img_front_left_0_1596717254346847000.png
1596717254600	305.655884	-95.684532	-5.439404	0.971389	-0.017642	-0.076451	-0.224159	img_front_left_0_1596717254600084000.png
1596717254847	305.483826	-96.037460	-5.439404	0.971389	-0.017642	-0.076451	-0.224159	img_front_left_0_1596717254847453000.png
1596717255087	304.936218	-97.160782	-5.439404	0.971389	-0.017642	-0.076451	-0.224158	img_front_left_0_1596717255087319000.png
1596717255327	304.548248	-97.956657	-5.439404	0.971389	-0.017642	-0.076451	-0.224158	img_front_left_0_1596717255327049000.png
1596717255583	304.171661	-98.729141	-5.439404	0.971389	-0.017642	-0.076451	-0.224158	img_front_left_0_1596717255583337000.png
1596717255855	303.597534	-99.906914	-5.439404	0.971390	-0.017642	-0.076451	-0.224157	img_front_left_0_1596717255854983000.png
1596717256118	303.417847	-100.275505	-5.439404	0.971390	-0.017642	-0.076451	-0.224156	img_front_left_0_1596717256118100000.png
1596717256419	304.466980	-100.786934	-5.254541	0.971390	-0.017642	-0.076451	-0.224156	img_front_left_0_1596717256418669000.png
1596717256716	304.120422	-101.497879	-5.254541	0.969397	-0.018308	-0.076294	-0.232623	img_front_left_0_1596717256716056000.png
1596717256990	304.120422	-101.497879	-5.254541	0.960688	-0.020959	-0.075609	-0.266313	img_front_left_0_1596717256990176000.png
1596717257234	304.120422	-101.497879	-5.254541	0.960688	-0.020959	-0.075609	-0.266313	img_front_left_0_1596717257234269000.png
1596717257478	303.263458	-102.924751	-5.254541	0.960688	-0.020960	-0.075609	-0.266314	img_front_left_0_1596717257478124000.png
1596717257730	302.652557	-103.941872	-5.254541	0.960688	-0.020960	-0.075608	-0.266314	img_front_left_0_1596717257730084000.png
1596717258028	302.652557	-103.941872	-5.254541	0.960688	-0.020960	-0.075608	-0.266314	img_front_left_0_1596717258028137000.png
1596717258337	303.799225	-104.630493	-5.042695	0.960687	-0.020960	-0.075609	-0.266315	img_front_left_0_1596717258336642000.png
1596717258667	304.255219	-104.904373	-4.958442	0.960687	-0.020960	-0.075609	-0.266315	img_front_left_0_1596717258666592000.png
1596717258944	304.612854	-105.119156	-4.892368	0.960687	-0.020960	-0.075609	-0.266315	img_front_left_0_1596717258944044000.png
1596717259182	304.612854	-105.119156	-4.892368	0.958327	-0.021619	-0.075423	-0.274689	img_front_left_0_1596717259182281000.png
1596717259428	304.612854	-105.119156	-4.892368	0.950808	-0.023586	-0.074831	-0.299682	img_front_left_0_1596717259428299000.png
1596717259676	305.935883	-106.045181	-4.636582	0.950808	-0.023586	-0.074831	-0.299682	img_front_left_0_1596717259675917000.png
1596717259959	306.995789	-106.787003	-4.431684	0.950808	-0.023586	-0.074831	-0.299682	img_front_left_0_1596717259958910000.png
1596717260277	306.995789	-106.787003	-4.431684	0.939770	-0.026183	-0.073962	-0.332681	img_front_left_0_1596717260276596000.png
1596717260593	308.524414	-108.069122	-4.115688	0.936831	-0.026827	-0.073731	-0.340868	img_front_left_0_1596717260592680000.png
1596717260867	310.485077	-109.713593	-3.710376	0.936832	-0.026827	-0.073731	-0.340867	img_front_left_0_1596717260866628000.png
1596717261131	310.485077	-109.713593	-3.710376	0.936832	-0.026827	-0.073731	-0.340867	img_front_left_0_1596717261130753000.png
1596717261383	310.813629	-109.989159	-3.642461	0.936832	-0.026827	-0.073731	-0.340866	img_front_left_0_1596717261382415000.png
1596717261632	311.430542	-110.506599	-3.514927	0.936832	-0.026827	-0.073731	-0.340866	img_front_left_0_1596717261631771000.png
1596717261879	311.430542	-110.506599	-3.514927	0.936832	-0.026827	-0.073731	-0.340866	img_front_left_0_1596717261879059000.png
1596717262133	311.430542	-110.506599	-3.514927	0.939771	-0.026183	-0.073962	-0.332677	img_front_left_0_1596717262132818000.png
1596717262377	311.430542	-110.506599	-3.514927	0.942639	-0.025536	-0.074188	-0.324463	img_front_left_0_1596717262377389000.png
1596717262643	311.430542	-110.506599	-3.514927	0.942639	-0.025536	-0.074188	-0.324463	img_front_left_0_1596717262643106000.png
1596717262933	311.430542	-110.506599	-3.514927	0.955894	-0.022276	-0.075231	-0.283037	img_front_left_0_1596717262932780000.png
1596717263176	311.430542	-110.506599	-3.514927	0.955894	-0.022276	-0.075231	-0.283037	img_front_left_0_1596717263175618000.png
1596717263424	311.430542	-110.506599	-3.514927	0.955894	-0.022276	-0.075231	-0.283037	img_front_left_0_1596717263424359000.png
1596717263674	311.430542	-110.506599	-3.514927	0.955894	-0.022276	-0.075231	-0.283037	img_front_left_0_1596717263674259000.png
1596717263921	311.430542	-110.506599	-3.514927	0.955894	-0.022276	-0.075231	-0.283037	img_front_left_0_1596717263920499000.png
1596717264169	311.430542	-110.506599	-3.514927	0.955894	-0.022276	-0.075231	-0.283037	img_front_left_0_1596717264169165000.png
